-3.759872481926910814e-01
-3.771503384367810852e-01
-3.781195803068548855e-01
-3.789397080430726983e-01
-3.796426746741158875e-01
-3.802519124210201329e-01
-3.807849954495607370e-01
-3.812553628276856843e-01
-3.816734671637964094e-01
-3.820475605171579914e-01
-3.823842445351838260e-01
-3.826888634086353935e-01
-3.829657896572282727e-01
-3.832186353624656427e-01
-3.834504105922666439e-01
-3.836636438036819530e-01
-3.838604744603741348e-01
-3.840427250684228522e-01
-3.842119577758961735e-01
-3.843695192621644496e-01
-3.845165766493476855e-01
-3.846541464631658136e-01
-3.847831181636187647e-01
-3.849042733973786490e-01
-3.850183018526806000e-01
-6.952096602322047625e-01
-6.998567297889423111e-01
-7.037292877528898982e-01
-7.070060675685381213e-01
-7.098147359819506619e-01
-7.122489152735739237e-01
-7.143788221537457073e-01
-7.162581517538968434e-01
-7.179286669540311250e-01
-7.194233384488886163e-01
-7.207685427942593925e-01
-7.219856324400716341e-01
-7.230920775726280558e-01
-7.241023100849621752e-01
-7.250283565546014053e-01
-7.258803193066702963e-01
-7.266667464624257944e-01
-7.273949197547922019e-01
-7.280710806691322867e-01
-7.287006097962758222e-01
-7.292881703149448613e-01
-7.298378237033754656e-01
-7.303531237550298094e-01
-7.308371935005232300e-01
-7.312927885551058216e-01
-9.593049844461880582e-01
-9.697567738282516503e-01
-9.784665983133047362e-01
-9.858364498006574328e-01
-9.921534653612454902e-01
-9.976282121804215253e-01
-1.002418615647200584e+00
-1.006645442235535537e+00
-1.010402621425166236e+00
-1.013764308068520137e+00
-1.016789826047538314e+00
-1.019527199457127109e+00
-1.022015720738569833e+00
-1.024287848865105488e+00
-1.026370632981096653e+00
-1.028286794367808010e+00
-1.030055558724772613e+00
-1.031693303499739978e+00
-1.033214066505067308e+00
-1.034629949303129903e+00
-1.035951439914654992e+00
-1.037187673067372362e+00
-1.038346641648044688e+00
-1.039435369708676227e+00
-1.040460054942211832e+00
-1.170111674376279831e+00
-1.188719504736966304e+00
-1.204226030037538919e+00
-1.217346936061099782e+00
-1.228593426938437538e+00
-1.238340385698797119e+00
-1.246868974614111725e+00
-1.254394200127623815e+00
-1.261083289472969327e+00
-1.267068264150382761e+00
-1.272454741360055541e+00
-1.277328220740235443e+00
-1.281758656540399333e+00
-1.285803837053591581e+00
-1.289511919190685196e+00
-1.292923354756810639e+00
-1.296072372202465628e+00
-1.298988129096589672e+00
-1.301695617641134950e+00
-1.304216382837779298e+00
-1.306569097021313741e+00
-1.308770023193007281e+00
-1.310833391478971599e+00
-1.312771707141542565e+00
-1.314596004235727422e+00
-1.327471615522536119e+00
-1.356537499268762881e+00
-1.380759069057285071e+00
-1.401254243493727181e+00
-1.418821535867820005e+00
-1.434046522592034023e+00
-1.447368385975720928e+00
-1.459122971314268602e+00
-1.469571491615199399e+00
-1.478920167673927422e+00
-1.487333976126782531e+00
-1.494946469488889207e+00
-1.501866917999895801e+00
-1.508185588379510333e+00
-1.513977702894157451e+00
-1.519306448247632169e+00
-1.524225290112378062e+00
-1.528779773320475988e+00
-1.533008936299424141e+00
-1.536946432866031609e+00
-1.540621429661531483e+00
-1.544059329889579724e+00
-1.547282361353375268e+00
-1.550310057576940181e+00
-1.553159654022649105e+00
-1.433581220015733404e+00
-1.475482556848738858e+00
-1.510400337542910698e+00
-1.539946151976439692e+00
-1.565271135776608036e+00
-1.587219455070087326e+00
-1.606424234451881539e+00
-1.623369628024053268e+00
-1.638432200088205448e+00
-1.651909238250868217e+00
-1.664038572597264176e+00
-1.675012732244004265e+00
-1.684989241013767236e+00
-1.694098227281812141e+00
-1.702448131360853267e+00
-1.710130043113571086e+00
-1.717221038577617875e+00
-1.723786775118401726e+00
-1.729883530477701825e+00
-1.735559819950153848e+00
-1.740857690124441470e+00
-1.745813762222969245e+00
-1.750460079815338688e+00
-1.754824802402110473e+00
-1.758932776601424219e+00
-1.488763572756844900e+00
-1.545780625803197861e+00
-1.593294836675158699e+00
-1.633499168951433100e+00
-1.667960025188239603e+00
-1.697826100593472054e+00
-1.723958916573050004e+00
-1.747017283613855110e+00
-1.767513609872348068e+00
-1.785852428103630540e+00
-1.802357364511785187e+00
-1.817290402214402301e+00
-1.830865891034962001e+00
-1.843260902566777881e+00
-1.854622996470941976e+00
-1.865076122862773245e+00
-1.874725162609079510e+00
-1.883659458670473352e+00
-1.891955590727482983e+00
-1.899679575746077598e+00
-1.906888628430099208e+00
-1.913632580940957562e+00
-1.919955036419887628e+00
-1.925894312778883677e+00
-1.931484219940289737e+00
-1.494673443319927131e+00
-1.569103607707000192e+00
-1.631128744696227928e+00
-1.683611552917882781e+00
-1.728596817107871608e+00
-1.767584046072529169e+00
-1.801697871416604091e+00
-1.831798305543729688e+00
-1.858554246990063330e+00
-1.882493773547308846e+00
-1.904039347448829744e+00
-1.923532961931158969e+00
-1.941254429642366386e+00
-1.957434900161295843e+00
-1.972266998136980698e+00
-1.985912528274609956e+00
-1.998508402247807236e+00
-2.010171248519286191e+00
-2.021001034342802427e+00
-2.031083938385386034e+00
-2.040494648825130763e+00
-2.049298216655860205e+00
-2.057551561497168446e+00
-2.065304703620821858e+00
-2.072601778560731578e+00
-1.452779724664785777e+00
-1.546854998543074178e+00
-1.625251060108315215e+00
-1.691586189125056983e+00
-1.748444871139407830e+00
-1.797722395551844210e+00
-1.840840229412726403e+00
-1.878885376937034835e+00
-1.912703285847530799e+00
-1.942961414872711234e+00
-1.970193730995373649e+00
-1.994832493201591950e+00
-2.017231367934517738e+00
-2.037682514429798086e+00
-2.056429398717138035e+00
-2.073676532261491179e+00
-2.089596963225509363e+00
-2.104338103007008076e+00
-2.118026304232684343e+00
-2.130770491580728621e+00
-2.142665066438902866e+00
-2.153792249370743317e+00
-2.164223983369343962e+00
-2.174023491064998925e+00
-2.183246557131497845e+00
-1.363130899843059352e+00
-1.479403953591780674e+00
-1.576298165049048405e+00
-1.658285574743659563e+00
-1.728560497339040714e+00
-1.789465430255037015e+00
-1.842757246556534723e+00
-1.889779437410796792e+00
-1.931576940392363495e+00
-1.968974706217975434e+00
-2.002632695461026735e+00
-2.033085161919025108e+00
-2.060769222335387063e+00
-2.086045973150326027e+00
-2.109216328064020818e+00
-2.130533054584619723e+00
-2.150210032911326063e+00
-2.168429457287906370e+00
-2.185347494209016972e+00
-2.201098769963154123e+00
-2.215799960667016233e+00
-2.229552687454498194e+00
-2.242445868817763976e+00
-2.254557645249922082e+00
-2.265956964244895122e+00
-1.228291399091565816e+00
-1.368900477457459131e+00
-1.486074709429037188e+00
-1.585222136481911015e+00
-1.670205645384373883e+00
-1.743858019766508338e+00
-1.808303847350876348e+00
-1.865167812866495023e+00
-1.915713559991489179e+00
-1.960938702155957891e+00
-2.001641330103979488e+00
-2.038467517295047049e+00
-2.071945869286926367e+00
-2.102513060236033571e+00
-2.130532985272715507e+00
-2.156311316306462444e+00
-2.180106698799152198e+00
-2.202139460366457246e+00
-2.222598453250383521e+00
-2.241646481107832489e+00
-2.259424640441451082e+00
-2.276055821753546482e+00
-2.291647554233634754e+00
-2.306294333230082039e+00
-2.320079536991443980e+00
-1.048367040451271937e+00
-1.215702450228334452e+00
-1.355130036803755766e+00
-1.473111109049342504e+00
-1.574232757591941922e+00
-1.661877458851414469e+00
-1.738561376629263799e+00
-1.806228196935351971e+00
-1.866374337803659467e+00
-1.920186964037734256e+00
-1.968618771542399948e+00
-2.012441278603931405e+00
-2.052280591396609566e+00
-2.088653554056099537e+00
-2.121995436493965936e+00
-2.152670675095645691e+00
-2.180984920807112815e+00
-2.207202469390734390e+00
-2.231547131442084719e+00
-2.254213246161365092e+00
-2.275368302009716182e+00
-2.295158508072516312e+00
-2.313712251217413307e+00
-2.331139425789173547e+00
-2.347543464750118325e+00
-8.246734028040862974e-01
-1.021025785160214916e+00
-1.184652770456989801e+00
-1.323106373400415148e+00
-1.441780890209063637e+00
-1.544632138109893527e+00
-1.634626980023119236e+00
-1.714034193475965751e+00
-1.784618383211829196e+00
-1.847772658238654442e+00
-1.904611505762796808e+00
-1.956037129713212197e+00
-2.002787696940861562e+00
-2.045472997453063879e+00
-2.084601189589248893e+00
-2.120599126354539621e+00
-2.153827991060961011e+00
-2.184595458381722199e+00
-2.213165249465286255e+00
-2.239764710129294123e+00
-2.264590873415701200e+00
-2.287815348748146516e+00
-2.309588294372313833e+00
-2.330041667534410443e+00
-2.349291901098736535e+00
-5.576665541912312341e-01
-7.854515267911785781e-01
-9.752723372911361599e-01
-1.135889946175714371e+00
-1.273562182362496520e+00
-1.392878120391039642e+00
-1.497279566166016540e+00
-1.589398488908642104e+00
-1.671281975790975372e+00
-1.744546148264642493e+00
-1.810483903490943236e+00
-1.870141872505215463e+00
-1.924376389790917186e+00
-1.973894862095253444e+00
-2.019286795040895033e+00
-2.061047373350885614e+00
-2.099595599483184749e+00
-2.135288401457535734e+00
-2.168431717576575490e+00
-2.199289287756371003e+00
-2.228089686590847052e+00
-2.255031995177938509e+00
-2.280290409478335167e+00
-2.304018010790829241e+00
-2.326349870849647949e+00
-2.508717804122658213e-01
-5.122131384896907447e-01
-7.299976035542135033e-01
-9.142767663011170942e-01
-1.072230334369889126e+00
-1.209123426696159465e+00
-1.328904882481646288e+00
-1.434594402292370008e+00
-1.528540642124124993e+00
-1.612597804078850894e+00
-1.688249249838105204e+00
-1.756695796001241927e+00
-1.818919928876819636e+00
-1.875733267589302811e+00
-1.927812161409078850e+00
-1.975724743723273891e+00
-2.019951742782530868e+00
-2.060902667837398283e+00
-2.098928526816917106e+00
-2.134331912763366645e+00
-2.167375072980052497e+00
-2.198286416408565369e+00
-2.227265800872796575e+00
-2.254488859005861379e+00
-2.280110560778157769e+00
9.820949291186116537e-02
-1.992164027705381202e-01
-4.470713158392001785e-01
-6.567947038203776344e-01
-8.365576078042391561e-01
-9.923521245902571231e-01
-1.128672326778021207e+00
-1.248954858120165934e+00
-1.355872663757627272e+00
-1.451535963538513219e+00
-1.537632933341312347e+00
-1.615530191734320331e+00
-1.686345881182509832e+00
-1.751003684591725396e+00
-1.810273337716840514e+00
-1.864801418591945925e+00
-1.915135031707427604e+00
-1.961740229036578187e+00
-2.005016483699360919e+00
-2.045308169075054305e+00
-2.082913742092368015e+00
-2.118093149108565498e+00
-2.151073843186250389e+00
-2.182055707319833004e+00
-2.211215108857323308e+00
4.856774458890875668e-01
1.499327916200607347e-01
-1.298544202707962447e-01
-3.665974457169078882e-01
-5.695200389564309962e-01
-7.453862864306840530e-01
-8.992692529706555193e-01
-1.035048341094161772e+00
-1.155740863870609481e+00
-1.263728910565325547e+00
-1.360918152590571140e+00
-1.448851276327699056e+00
-1.528790479725085527e+00
-1.601778448044439473e+00
-1.668684085670514516e+00
-1.730237272286502481e+00
-1.787055598393568978e+00
-1.839665159603815825e+00
-1.888516895013331309e+00
-1.933999545222189864e+00
-1.976450018750457893e+00
-2.016161752051095934e+00
-2.053391502020444292e+00
-2.088364903506800374e+00
-2.121281046082195587e+00
9.083648885368187376e-01
5.322333963638505860e-01
2.187904862197079525e-01
-4.643043774842226662e-02
-2.737626582925258845e-01
-4.707839160974163217e-01
-6.431775166766979801e-01
-7.952895171878282543e-01
-9.305001843088328561e-01
-1.051478149627625758e+00
-1.160358318414540069e+00
-1.258868947316984510e+00
-1.348424064501027253e+00
-1.430191780190804396e+00
-1.505145519573100055e+00
-1.574102959804812629e+00
-1.637755981557162066e+00
-1.696693964661188936e+00
-1.751422091829215155e+00
-1.802375865399445276e+00
-1.849932720731661817e+00
-1.894421391848895020e+00
-1.936129521021300759e+00
-1.975309884789319792e+00
-2.012185521276866229e+00
1.368478978800968582e+00
9.495400208332612779e-01
6.004242225268404676e-01
3.050185470367825502e-01
5.181368233102584542e-02
-1.676305337472971668e-01
-3.596442228158313603e-01
-5.290680661115959582e-01
-6.796670379300532305e-01
-8.144134863991983053e-01
-9.356852900214300828e-01
-1.045407398060590909e+00
-1.145154769005283901e+00
-1.236228455520004044e+00
-1.319712668158494306e+00
-1.396518143785908217e+00
-1.467415505903522321e+00
-1.533061211567977367e+00
-1.594017938256400813e+00
-1.650770752759414872e+00
-1.703740046295563193e+00
-1.753291966055182893e+00
-1.799746890829830637e+00
-1.843386365618131517e+00
-1.884458812477711742e+00
