-3.759872481926837540e-01
-3.771503384367799749e-01
-3.781195803068552741e-01
-3.789397080430728093e-01
-3.796426746741159430e-01
-3.802519124210201329e-01
-3.807849954495607370e-01
-3.812553628276856843e-01
-3.816734671637964094e-01
-3.820475605171579914e-01
-3.823842445351838260e-01
-3.826888634086353935e-01
-3.829657896572282727e-01
-3.832186353624656427e-01
-3.834504105922666439e-01
-3.836636438036819530e-01
-3.838604744603740793e-01
-3.840427250684227967e-01
-3.842119575255745767e-01
-3.843695190915383808e-01
-3.845165765317740125e-01
-3.846541463813178963e-01
-3.847831181062772998e-01
-3.849042733568744379e-01
-3.850183018238525490e-01
-6.952096602164763439e-01
-6.998567297852185121e-01
-7.037292877520420209e-01
-7.070060675683861318e-01
-7.098147359819116931e-01
-7.122489152735629325e-01
-7.143788221537427097e-01
-7.162581517538947340e-01
-7.179286669540311250e-01
-7.194233384488879501e-01
-7.207685427942593925e-01
-7.219856324400716341e-01
-7.230920775726279448e-01
-7.241023100849620642e-01
-7.250283565546014053e-01
-7.258803193066702963e-01
-7.266667464624257944e-01
-7.273949197547920908e-01
-7.280710806691321757e-01
-7.287006097962758222e-01
-7.292881703149446393e-01
-7.298378237033753546e-01
-7.303531237550298094e-01
-7.308371935005233411e-01
-7.312927885551058216e-01
-9.593049844461882802e-01
-9.697567733627618924e-01
-9.784665982007852980e-01
-9.858364497734246612e-01
-9.921534653545565074e-01
-9.976282121787118928e-01
-1.002418615646715194e+00
-1.006645442235397647e+00
-1.010402621425128045e+00
-1.013764308068509035e+00
-1.016789826047534762e+00
-1.019527199457125333e+00
-1.022015720738569833e+00
-1.024287848865105044e+00
-1.026370632981096653e+00
-1.028286794367808010e+00
-1.030055558724772613e+00
-1.031693303499739978e+00
-1.033214066505067308e+00
-1.034629949303129903e+00
-1.035951439914654992e+00
-1.037187673067372362e+00
-1.038346641648044688e+00
-1.039435369708676227e+00
-1.040460054942211832e+00
-1.170111674376276500e+00
-1.188719504736966082e+00
-1.204226030037538031e+00
-1.217346936061099560e+00
-1.228593426572410774e+00
-1.238340385598243332e+00
-1.246868974583320799e+00
-1.254394200117347369e+00
-1.261083289470090740e+00
-1.267068264149474155e+00
-1.272454741359729136e+00
-1.277328220740145515e+00
-1.281758656540361807e+00
-1.285803837053578258e+00
-1.289511919190680533e+00
-1.292923354756809307e+00
-1.296072372202464296e+00
-1.298988129096589450e+00
-1.301695617641134950e+00
-1.304216382837779298e+00
-1.306569097021314629e+00
-1.308770023193007281e+00
-1.310833391478971599e+00
-1.312771707141542565e+00
-1.314596004235727644e+00
-1.327471615518752479e+00
-1.356537499268610336e+00
-1.380759069057278632e+00
-1.401254243493726515e+00
-1.418821535867820005e+00
-1.434046522592034023e+00
-1.447368385975720484e+00
-1.459122971046589834e+00
-1.469571491530149432e+00
-1.478920167643988037e+00
-1.487333976116506973e+00
-1.494946469485330054e+00
-1.501866917998640805e+00
-1.508185588379089781e+00
-1.513977702894018229e+00
-1.519306448247577990e+00
-1.524225290112356301e+00
-1.528779773320466218e+00
-1.533008936299421032e+00
-1.536946432866029610e+00
-1.540621429661531483e+00
-1.544059329889579502e+00
-1.547282361353375046e+00
-1.550310057576940626e+00
-1.553159654022649105e+00
-1.433581220015732960e+00
-1.475482556767617748e+00
-1.510400337537711524e+00
-1.539946151976010258e+00
-1.565271135776576505e+00
-1.587219455070083329e+00
-1.606424234451881095e+00
-1.623369628024052824e+00
-1.638432200088205448e+00
-1.651909238250868217e+00
-1.664038572360260870e+00
-1.675012732159423479e+00
-1.684989240985104608e+00
-1.694098227269552392e+00
-1.702448131355885241e+00
-1.710130043111127041e+00
-1.717221038576512759e+00
-1.723786775117913672e+00
-1.729883530477498432e+00
-1.735559819950057037e+00
-1.740857690124397728e+00
-1.745813762222949039e+00
-1.750460079815325365e+00
-1.754824802402102479e+00
-1.758932776601420445e+00
-1.488763572756498732e+00
-1.545780625803197417e+00
-1.593294836675158477e+00
-1.633499168864106732e+00
-1.667960025180698747e+00
-1.697826100592539023e+00
-1.723958916573005595e+00
-1.747017283613851779e+00
-1.767513609872346958e+00
-1.785852428103630984e+00
-1.802357364511785631e+00
-1.817290402214401857e+00
-1.830865891034962001e+00
-1.843260902326411044e+00
-1.854622996379557742e+00
-1.865076122827868943e+00
-1.874725162591896588e+00
-1.883659458662557462e+00
-1.891955590724017755e+00
-1.899679575744412485e+00
-1.906888628429189270e+00
-1.913632580940535899e+00
-1.919955036419720651e+00
-1.925894312778825057e+00
-1.931484219940262870e+00
-1.494673443319926021e+00
-1.569103607661174404e+00
-1.631128744695922173e+00
-1.683611552917881893e+00
-1.728596817107871608e+00
-1.767584045915839397e+00
-1.801697871402341056e+00
-1.831798305542473360e+00
-1.858554246989901459e+00
-1.882493773547284865e+00
-1.904039347448827968e+00
-1.923532961931158969e+00
-1.941254429642366386e+00
-1.957434900161295843e+00
-1.972266998136980698e+00
-1.985912528274609956e+00
-1.998508401989284256e+00
-2.010171248407990330e+00
-2.021001034294258591e+00
-2.031083938362554075e+00
-2.040494648813878431e+00
-2.049298216651330051e+00
-2.057551561495209125e+00
-2.065304703619861737e+00
-2.072601778560271946e+00
-1.452779724663307626e+00
-1.546854998538595982e+00
-1.625251060108315215e+00
-1.691586189104156146e+00
-1.748444871139293921e+00
-1.797722395551843544e+00
-1.840840229412726403e+00
-1.878885376622150272e+00
-1.912703285815026577e+00
-1.942961414869038395e+00
-1.970193730994905801e+00
-1.994832493201572632e+00
-2.017231367934512409e+00
-2.037682514429797642e+00
-2.056429398717138479e+00
-2.073676532261491179e+00
-2.089596963225509363e+00
-2.104338103007008076e+00
-2.118026304232684343e+00
-2.130770491580728621e+00
-2.142665066281048247e+00
-2.153792249296170969e+00
-2.164223983329232048e+00
-2.174023491048636902e+00
-2.183246557124658427e+00
-1.366118511191021456e+00
-1.479403945988218450e+00
-1.576298165048693356e+00
-1.658285574725154143e+00
-1.728560497339040269e+00
-1.789465430118793998e+00
-1.842757246554663553e+00
-1.889779437410787688e+00
-1.931576940392363495e+00
-1.968974706217975434e+00
-2.002632695275587515e+00
-2.033085161896593274e+00
-2.060769222329899453e+00
-2.086045973149261545e+00
-2.109216328063876933e+00
-2.130533054584583308e+00
-2.150210032911316294e+00
-2.168429457287906370e+00
-2.185347494209016528e+00
-2.201098769963154123e+00
-2.215799960667015789e+00
-2.229552687454498638e+00
-2.242445868817763976e+00
-2.254557645249922526e+00
-2.265956964023914999e+00
-1.276573239036228102e+00
-1.384318029900121871e+00
-1.487575217463555699e+00
-1.585222135480923278e+00
-1.670205645383577631e+00
-1.743858019693141248e+00
-1.808303847350876348e+00
-1.865167812126834468e+00
-1.915713559980104064e+00
-1.960938702155794466e+00
-2.001641330103979488e+00
-2.038467517295047049e+00
-2.071945869286926811e+00
-2.102513060044742588e+00
-2.130532985245755295e+00
-2.156311316300050240e+00
-2.180106698798322196e+00
-2.202139460366252965e+00
-2.222598453250363093e+00
-2.241646481107823607e+00
-2.259424640441450638e+00
-2.276055821753545594e+00
-2.291647554233634754e+00
-2.306294333230082039e+00
-2.320079536991443980e+00
-1.194686068693171510e+00
-1.296480899533948516e+00
-1.393633543667307739e+00
-1.487140661923463725e+00
-1.576431661029211728e+00
-1.661888516895795975e+00
-1.738573412946852415e+00
-1.806236549205753494e+00
-1.866381573085248213e+00
-1.920193979958498387e+00
-1.968628100280070070e+00
-2.012448041297957513e+00
-2.052284350815355651e+00
-2.088656633414506025e+00
-2.121995436493965936e+00
-2.152669850445535271e+00
-2.180986273368552109e+00
-2.207203332154851871e+00
-2.231547743599697320e+00
-2.254213230067756424e+00
-2.275367684088248410e+00
-2.295157334621311218e+00
-2.313710131995457164e+00
-2.331138517407461919e+00
-2.347541703677580305e+00
-1.121928182382771588e+00
-1.216411100581529903e+00
-1.308433405723608445e+00
-1.397051449056461392e+00
-1.481845475169248250e+00
-1.562536779917911289e+00
-1.640491404704653933e+00
-1.714326143343159803e+00
-1.784618371174262474e+00
-1.847772658082941888e+00
-1.904611498465768715e+00
-1.956037129706064581e+00
-2.002787696940838913e+00
-2.045472995691228313e+00
-2.084601189508720420e+00
-2.120599126350700026e+00
-2.153827991060671021e+00
-2.184595458381692001e+00
-2.213165249465285367e+00
-2.239764710129294123e+00
-2.264590873415700312e+00
-2.287815348594741671e+00
-2.309588294329131930e+00
-2.330041667524686666e+00
-2.349291901096099533e+00
-1.055723890772221285e+00
-1.145113744138592571e+00
-1.231832735535311807e+00
-1.315474888018630661e+00
-1.396000939160380483e+00
-1.473270761478101765e+00
-1.546911006765409713e+00
-1.617539742586170837e+00
-1.685373545528145112e+00
-1.749653773316718341e+00
-1.811405525289850660e+00
-1.870141869869105689e+00
-1.924376341936029355e+00
-1.973894862094688563e+00
-2.019286793471388286e+00
-2.061047373344731426e+00
-2.099595599483170982e+00
-2.135288398758854900e+00
-2.168431717351795740e+00
-2.199289287745743948e+00
-2.228089686589969087e+00
-2.255031995177883886e+00
-2.280290409478332059e+00
-2.304018010790829241e+00
-2.326349870849647949e+00
-9.971280321997472162e-01
-1.082112376740502535e+00
-1.163502261093844803e+00
-1.242996374594009357e+00
-1.319027267090020716e+00
-1.392012143058095619e+00
-1.463168375352359440e+00
-1.530627723654476524e+00
-1.595275890799962015e+00
-1.657222070949658566e+00
-1.716503232010474278e+00
-1.773557506025421837e+00
-1.827086017791921035e+00
-1.878882982253365475e+00
-1.928309804082070977e+00
-1.975724650043728658e+00
-2.019951742781888271e+00
-2.060902667786848497e+00
-2.098928526816916662e+00
-2.134331912588721458e+00
-2.167375072978705575e+00
-2.198286416408556931e+00
-2.227265800872796131e+00
-2.254488858577114119e+00
-2.280110560749840865e+00
-9.517706029575172533e-01
-1.029212685313314335e+00
-1.106506974318617997e+00
-1.181372260577924216e+00
-1.252083703240850721e+00
-1.321708647100193312e+00
-1.387904980800241272e+00
-1.452348211274088419e+00
-1.514558440580798138e+00
-1.574039282907304660e+00
-1.631572443993416277e+00
-1.685560655880677494e+00
-1.738204025804952924e+00
-1.788473904661466385e+00
-1.836127784538617913e+00
-1.881914132692633634e+00
-1.925705450695404553e+00
-1.967680040442724154e+00
-2.007387492813425212e+00
-2.046062402828279225e+00
-2.082913219466362875e+00
-2.118093109497963589e+00
-2.151073796270308591e+00
-2.182055707295057267e+00
-2.211215108857321088e+00
-9.027737962472263122e-01
-9.839771166422961457e-01
-1.061433063907185614e+00
-1.129202089941301779e+00
-1.198196896381890086e+00
-1.262236916237995166e+00
-1.327164427105258726e+00
-1.386102958169229904e+00
-1.446406821228543027e+00
-1.502642859782052698e+00
-1.557170515961008972e+00
-1.609574452954929180e+00
-1.659064123783693612e+00
-1.708166295312123495e+00
-1.754179345164897708e+00
-1.798347080857325642e+00
-1.840795271322818838e+00
-1.882031338627796480e+00
-1.921532447113875275e+00
-1.959421465314538313e+00
-1.995297939201851056e+00
-2.030208215429160745e+00
-2.062982042272377470e+00
-2.095068576483767764e+00
-2.125686311333213396e+00
-8.462154256148347597e-01
-9.234019394181406382e-01
-1.004474284604814693e+00
-1.070581166752746727e+00
-1.141577441590593045e+00
-1.203723951662308611e+00
-1.264256615214959023e+00
-1.327645383754617825e+00
-1.385282562059032774e+00
-1.437795827920416603e+00
-1.495796271904652253e+00
-1.543176178739190885e+00
-1.593988516887898443e+00
-1.641316077803996798e+00
-1.685633913911990467e+00
-1.733035259732115030e+00
-1.771026214878631766e+00
-1.812255187645501531e+00
-1.848368156700552101e+00
-1.887491814127638667e+00
-1.920053817029924614e+00
-1.955560589080288736e+00
-1.986358644447924204e+00
-2.018142617751002899e+00
-2.047775774325496290e+00
-7.911944103887612600e-01
-8.618441864007799769e-01
-9.348274575881693194e-01
-1.003103819226740967e+00
-1.072540287554149208e+00
-1.134547555131906860e+00
-1.201550214128106475e+00
-1.254574397587155277e+00
-1.311621187905591013e+00
-1.367272545861283994e+00
-1.425420304627277535e+00
-1.472370069046120333e+00
-1.524879637710568892e+00
-1.568283618386424827e+00
-1.616230795670061227e+00
-1.655953364166644404e+00
-1.698500800189623572e+00
-1.736378800995139304e+00
-1.776398950139949307e+00
-1.815704123355503574e+00
-1.848603993480329555e+00
-1.882560434059131982e+00
-1.914462248158387947e+00
-1.947891739569480807e+00
-1.977376931143239869e+00
