-3.759196221968781892e-01
-3.772253103408607089e-01
-3.781115739577156076e-01
-3.790476051017156456e-01
-3.796410676164900244e-01
-3.802515724233274108e-01
-3.808873398129945520e-01
-3.812049475172140656e-01
-3.816721419096936740e-01
-3.820469203462322771e-01
-3.824671396030674964e-01
-3.827988341120203697e-01
-3.829657849550240356e-01
-3.832186088480666331e-01
-3.834503664613777563e-01
-3.836634898716864139e-01
-3.838428487809997791e-01
-3.840425525737586332e-01
-3.843244333580714822e-01
-3.843694304596865230e-01
-3.845086950936912884e-01
-3.846415507653656585e-01
-3.847645991369053609e-01
-3.848999367509757796e-01
-3.850180665452934692e-01
-6.954106960238526369e-01
-6.998380181949040990e-01
-7.039245106947469299e-01
-7.069847002337015240e-01
-7.100155098069946824e-01
-7.123880786672508458e-01
-7.145666232542582375e-01
-7.164539669846061720e-01
-7.179262625499425177e-01
-7.194212901079712896e-01
-7.207663006662446969e-01
-7.219823827604952005e-01
-7.232937230652802807e-01
-7.241013888850434954e-01
-7.251735459028519903e-01
-7.258795564927172927e-01
-7.266649153335564826e-01
-7.273944755339252222e-01
-7.280615063610734738e-01
-7.287001344836174788e-01
-7.292870221161086297e-01
-7.298366900544049907e-01
-7.303521989271927195e-01
-7.308365342771492301e-01
-7.312924853630657918e-01
-9.594928967993952007e-01
-9.699665117716964602e-01
-9.784962596142441349e-01
-9.857165267936932596e-01
-9.921467176954751332e-01
-9.978502452081533525e-01
-1.002399146637453109e+00
-1.006631722984758559e+00
-1.010401866137641047e+00
-1.013762921649687732e+00
-1.016787577136044396e+00
-1.019526306401594917e+00
-1.021991878438475165e+00
-1.024272047996563018e+00
-1.026344110111076624e+00
-1.028284356658693666e+00
-1.030055242321377795e+00
-1.031677002390237297e+00
-1.033211221994468465e+00
-1.034610718829603648e+00
-1.035945671027286519e+00
-1.037175596186129534e+00
-1.038331379217138029e+00
-1.039430558466388987e+00
-1.040455681559115275e+00
-1.170184957466646747e+00
-1.188744207769564909e+00
-1.204257197292776471e+00
-1.217342957639843570e+00
-1.228591825440525032e+00
-1.238330743773455200e+00
-1.246866398996263836e+00
-1.254393834218403114e+00
-1.261081810376769141e+00
-1.267067595359582022e+00
-1.272454472110472246e+00
-1.277328098597501072e+00
-1.281758416414310986e+00
-1.285793877125624984e+00
-1.289511840467692405e+00
-1.292900433689841755e+00
-1.296070540529260962e+00
-1.298972169037769353e+00
-1.301687339090836115e+00
-1.304216348489807054e+00
-1.306569059653939435e+00
-1.308763192297802913e+00
-1.310817165274697826e+00
-1.312771616321724011e+00
-1.314595946785287461e+00
-1.327280229750176233e+00
-1.356519245149912845e+00
-1.380751393281709705e+00
-1.401253880165290733e+00
-1.418741580569968574e+00
-1.433967856075979652e+00
-1.447355217615437839e+00
-1.459110917388068529e+00
-1.469570401401627757e+00
-1.478919032450602300e+00
-1.487329086295277047e+00
-1.494946078126855538e+00
-1.501843502971891731e+00
-1.508184048545796685e+00
-1.513974161203248903e+00
-1.519289130057092319e+00
-1.524224712804807425e+00
-1.528779478668161662e+00
-1.533008627818881697e+00
-1.536946093740057862e+00
-1.540620906512540467e+00
-1.544054501231486132e+00
-1.547282257107059467e+00
-1.550310037552804276e+00
-1.553146653512970543e+00
-1.444193752908913719e+00
-1.475126099742252395e+00
-1.510260442524349989e+00
-1.539851394816096342e+00
-1.565268684100585617e+00
-1.587217858266585013e+00
-1.606307012799853773e+00
-1.623247740621715840e+00
-1.638305265492425278e+00
-1.651784803657693868e+00
-1.664037199001049849e+00
-1.675011047008970078e+00
-1.684987644913822136e+00
-1.694094491508761680e+00
-1.702444989743914228e+00
-1.710128194344163077e+00
-1.717217822068733302e+00
-1.723785984586454267e+00
-1.729883080904083492e+00
-1.735559481389018721e+00
-1.740709158591386307e+00
-1.745809285558508339e+00
-1.750455263708178277e+00
-1.754822701609563884e+00
-1.758929463297266294e+00
-1.531329258810085747e+00
-1.545777806108268537e+00
-1.593293758507933644e+00
-1.633446562171973815e+00
-1.667953319266557433e+00
-1.697784642338268979e+00
-1.723950143575747385e+00
-1.747013802374337343e+00
-1.767511213119510316e+00
-1.785850253785318698e+00
-1.802355904279978160e+00
-1.817289065632866185e+00
-1.830864581408821357e+00
-1.843260736044911363e+00
-1.854622985697579107e+00
-1.865075889629449479e+00
-1.874724378385637102e+00
-1.883657565934254707e+00
-1.891954153828125040e+00
-1.899678707101340125e+00
-1.906887725717907989e+00
-1.913632287057648096e+00
-1.919954864736891587e+00
-1.925893691512593708e+00
-1.931484165841770739e+00
-1.586546984742163158e+00
-1.586532933508045806e+00
-1.631127503693009961e+00
-1.683610951565681191e+00
-1.728570067045981595e+00
-1.767581711742276074e+00
-1.801696904206586902e+00
-1.831797904564334445e+00
-1.858554219330503798e+00
-1.882493733103195011e+00
-1.904039330133392660e+00
-1.923526360418996495e+00
-1.941253624333836081e+00
-1.957433219454743467e+00
-1.972265995674318040e+00
-1.985912446701587841e+00
-1.998508352632470730e+00
-2.010171196236036018e+00
-2.021001016340019163e+00
-2.031083927143497725e+00
-2.040494640553799144e+00
-2.049293520760807841e+00
-2.057547857985619455e+00
-2.065299452423754012e+00
-2.072598927737423047e+00
-1.614450541173722886e+00
-1.614466445814561224e+00
-1.625377295755443985e+00
-1.691568983660618031e+00
-1.748444647936476137e+00
-1.797721539320306983e+00
-1.840839846434551452e+00
-1.878885155303454679e+00
-1.912703272153219114e+00
-1.942961405031550015e+00
-1.970171351449901742e+00
-1.994829565801471194e+00
-2.017229019995217865e+00
-2.037682491562058384e+00
-2.056429386323166852e+00
-2.073676527083162746e+00
-2.089596958429968954e+00
-2.104332399238118434e+00
-2.118022825450593505e+00
-2.130766446392144076e+00
-2.142662027552312498e+00
-2.153790136609694095e+00
-2.164221055072848898e+00
-2.174021978219304430e+00
-2.183245720730156325e+00
-1.620968833366771999e+00
-1.620972966073391808e+00
-1.620971999840105537e+00
-1.658328845099836579e+00
-1.728563482335583101e+00
-1.789465678378484803e+00
-1.842759081109125008e+00
-1.889779744171173670e+00
-1.931576929790477459e+00
-1.968974522666437021e+00
-2.002625986934321922e+00
-2.033085123075770717e+00
-2.060769214728577214e+00
-2.086045968378294813e+00
-2.109214550383015307e+00
-2.130531949829180149e+00
-2.150209796787380778e+00
-2.168429246090533891e+00
-2.185347413526686378e+00
-2.201098714365739006e+00
-2.215799831710111079e+00
-2.229552598689600096e+00
-2.242445811914035136e+00
-2.254557569342806822e+00
-2.265956889156647946e+00
-1.610621724808582789e+00
-1.610574895101317905e+00
-1.610611430464365723e+00
-1.610689415703962402e+00
-1.670205254897162428e+00
-1.743858859280584817e+00
-1.808267436989744237e+00
-1.865168210950020500e+00
-1.915713630834829040e+00
-1.960933410806240174e+00
-2.001641540801705421e+00
-2.038462406039581509e+00
-2.071945919590961083e+00
-2.102513050024136909e+00
-2.130538483032090813e+00
-2.156311311978678535e+00
-2.180106696703723923e+00
-2.202139459094008433e+00
-2.222612750063837517e+00
-2.241645984952180370e+00
-2.259424288451155949e+00
-2.276055668880762273e+00
-2.291647397641908501e+00
-2.306294105913279768e+00
-2.320079488688148839e+00
-1.577119652282543472e+00
-1.577073531543741858e+00
-1.577066634902464237e+00
-1.577049504429766991e+00
-1.582195679165850910e+00
-1.661949279217995290e+00
-1.738636288353996528e+00
-1.806290277329090088e+00
-1.866421180652156231e+00
-1.920247956138221967e+00
-1.968636804369882087e+00
-2.012443552607452002e+00
-2.052290912341455442e+00
-2.088661344795184505e+00
-2.121995447884901687e+00
-2.152670078620898320e+00
-2.180985010711510519e+00
-2.207202524692545520e+00
-2.231547352509273718e+00
-2.254213245827262124e+00
-2.275368093842217831e+00
-2.295158114729856536e+00
-2.313711259942354381e+00
-2.331139971320241422e+00
-2.347538507158291932e+00
-1.514959355005966568e+00
-1.514819024369915113e+00
-1.514954307609690742e+00
-1.514749029449669493e+00
-1.516332030667740138e+00
-1.548747344637660284e+00
-1.634704013183132743e+00
-1.713978179917363009e+00
-1.784570370280666340e+00
-1.847803271705589667e+00
-1.904602949927670874e+00
-1.956002028121460068e+00
-2.002756991308559886e+00
-2.045473084159141752e+00
-2.084575528182014637e+00
-2.120599134246571982e+00
-2.153807862459018896e+00
-2.184595486043441781e+00
-2.213165275694238598e+00
-2.239764744634702875e+00
-2.264590914774819996e+00
-2.287815376211137064e+00
-2.309588305338605263e+00
-2.330041668751037687e+00
-2.349291902330838067e+00
-1.419477794593383191e+00
-1.419297621518932351e+00
-1.419547095643971968e+00
-1.419580872676243777e+00
-1.421161273773660527e+00
-1.448530875284865127e+00
-1.504134190878533728e+00
-1.589595734911512848e+00
-1.671282262347067116e+00
-1.744587922446110717e+00
-1.810483941943596520e+00
-1.870142108689942351e+00
-1.924377453184481501e+00
-1.973895564508403089e+00
-2.019287147615028477e+00
-2.061047436395052390e+00
-2.099598819707166886e+00
-2.135289458946829200e+00
-2.168431889531958756e+00
-2.199289537266005290e+00
-2.228089707798385444e+00
-2.255032002547924908e+00
-2.280290708007822520e+00
-2.304019326310609017e+00
-2.326349874596420175e+00
-1.287451095728929795e+00
-1.286480191845426502e+00
-1.286728077431121608e+00
-1.286643830838831049e+00
-1.289074158376326773e+00
-1.319574412947351005e+00
-1.375551125121592166e+00
-1.445432509632508911e+00
-1.528541344564912974e+00
-1.612598105466018117e+00
-1.688249679717465979e+00
-1.756699728591602172e+00
-1.818919954542944195e+00
-1.875733305631312131e+00
-1.927812946839221331e+00
-1.975725390746251753e+00
-2.019952011964459171e+00
-2.060902679298293627e+00
-2.098928527500198093e+00
-2.134333898433226739e+00
-2.167376643195247254e+00
-2.198286621218361159e+00
-2.227265918868106098e+00
-2.254488898447019718e+00
-2.280110567067734184e+00
-1.111381592966655729e+00
-1.112050217391884921e+00
-1.111365032496396177e+00
-1.111829948424382097e+00
-1.117167932280090925e+00
-1.155214094894192245e+00
-1.217855331890510984e+00
-1.292663960930481970e+00
-1.372104988181409357e+00
-1.453636119433213469e+00
-1.537632945812466456e+00
-1.615530790538386663e+00
-1.686346050279822206e+00
-1.751003700222702131e+00
-1.810274583006784122e+00
-1.864801443390147417e+00
-1.915138185028024242e+00
-1.961740234849204789e+00
-2.005019078394612020e+00
-2.045308621344301248e+00
-2.082913797551337876e+00
-2.118093162322528311e+00
-2.151075297724222679e+00
-2.182056632787981343e+00
-2.211215369062310199e+00
-8.910431207437781165e-01
-8.907222258759007749e-01
-8.902944919292831161e-01
-8.901680615788046813e-01
-9.030698014560591957e-01
-9.522909195517599290e-01
-1.026027138243628789e+00
-1.109635258107025679e+00
-1.196510965403510651e+00
-1.284936592986534842e+00
-1.369836041051823328e+00
-1.451153563422852066e+00
-1.528790487626502159e+00
-1.601778716233438926e+00
-1.668684390584138644e+00
-1.730237273649914309e+00
-1.787055604076253079e+00
-1.839665160321688031e+00
-1.888516900414310751e+00
-1.934000218536731985e+00
-1.976452226250288380e+00
-2.016163235980397594e+00
-2.053392130566529694e+00
-2.088365060590781308e+00
-2.121281110324384045e+00
-6.173629163942996323e-01
-6.178758421422385627e-01
-6.176245910753724866e-01
-6.211755252099026015e-01
-6.459122441360403144e-01
-7.104165368339484532e-01
-7.966308322174688872e-01
-8.927506300169774089e-01
-9.911058984351579504e-01
-1.088335905735642539e+00
-1.181833745943019265e+00
-1.270633537148405656e+00
-1.354703321140658279e+00
-1.432856403837230008e+00
-1.504973481031094185e+00
-1.574103593735673767e+00
-1.637756092008441522e+00
-1.696694909316680100e+00
-1.751423412746148545e+00
-1.802375874862548466e+00
-1.850064766835086916e+00
-1.894421768793744576e+00
-1.936129526075723639e+00
-1.975309886151710881e+00
-2.012186202752292097e+00
-2.900654855818894928e-01
-2.893388787260546824e-01
-2.893165420757073947e-01
-2.949138660768072517e-01
-3.420979102375149572e-01
-4.270224061059005316e-01
-5.300391884886493932e-01
-6.411129584468586717e-01
-7.530130079374408592e-01
-8.633080788423663776e-01
-9.672758390190036026e-01
-1.065424758594158527e+00
-1.157396781795921425e+00
-1.244242934108420018e+00
-1.325207421960980403e+00
-1.400200396806630110e+00
-1.470190230129827968e+00
-1.534288880389315546e+00
-1.595760532561158129e+00
-1.650839795198957738e+00
-1.705729042524325889e+00
-1.755179385685809335e+00
-1.799943195000626384e+00
-1.843435559703665794e+00
-1.884506078598004786e+00
